#!/bin/sh

printf "[38;2;0;0;0m   [38;2;1;3;3m [38;2;39;71;41m░[38;2;95;158;78m▓[38;2;52;77;28m░[38;2;0;0;0m         [38;2;76;113;41m▒[38;2;43;64;23m░[38;2;1;2;1m [38;2;0;0;0m   [0m
[38;2;0;0;0m [38;2;2;5;4m [38;2;41;75;43m░[38;2;93;163;89m▓[38;2;110;188;98m▓[38;2;115;190;91m▓[38;2;128;192;72m█[38;2;84;127;47m▒[38;2;7;11;4m [38;2;0;0;0m       [38;2;91;136;51m▒[38;2;117;174;65m▓[38;2;99;149;56m▓[38;2;44;67;25m░[38;2;2;4;1m [38;2;0;0;0m [0m
[38;2;8;64;92m░[38;2;24;135;179m▒[38;2;82;170;121m▓[38;2;106;184;95m▓▓[38;2;111;185;89m▓[38;2;123;188;71m▓▓[38;2;106;163;61m▓[38;2;25;39;14m [38;2;0;0;0m      [38;2;86;130;49m▒[38;2;111;169;64m▓▓▓[38;2;97;148;56m▓[38;2;44;68;26m░[0m
[38;2;18;144;210m▒[38;2;19;153;222m▓[38;2;19;148;214m▒[38;2;57;155;147m▓[38;2;100;178;96m▓[38;2;106;180;88m▓[38;2;117;184;70m▓▓▓[38;2;114;180;68m▓[38;2;50;80;30m░[38;2;0;1;0m [38;2;0;0;0m    [38;2;81;126;48m▒[38;2;106;164;63m▓▓▓▓[38;2;104;161;61m▓[0m
[38;2;18;138;205m▒[38;2;19;146;217m▒▒[38;2;19;145;215m▒[38;2;35;142;175m▒[38;2;91;169;97m▓[38;2;112;180;70m▓▓▓▓▓[38;2;78;126;49m▒[38;2;8;13;5m [38;2;0;0;0m   [38;2;76;120;46m▒[38;2;100;159;61m▓▓▓▓[38;2;99;158;61m▓[0m
[38;2;17;131;200m▒[38;2;18;139;212m▒▒▒▒[38;2;20;111;155m▒[38;2;75;123;48m▒[38;2;107;176;69m▓▓▓▓▓[38;2;94;155;60m▓[38;2;24;41;16m [38;2;0;0;0m  [38;2;71;115;45m▒[38;2;95;154;60m▓▓▓▓▓[0m
[38;2;16;125;197m▒[38;2;17;132;208m▒▒▒▒[38;2;13;99;155m▒[38;2;0;0;0m [38;2;44;76;29m░[38;2;99;168;65m▓[38;2;101;172;67m▓▓▓▓[38;2;99;169;66m▓[38;2;48;82;32m░[38;2;1;1;0m [38;2;66;111;43m▒[38;2;89;149;59m▓▓▓▓▓[0m
[38;2;16;119;193m▒[38;2;17;126;204m▒▒▒▒[38;2;13;94;152m░[38;2;0;0;0m  [38;2;19;34;13m [38;2;82;144;58m▒[38;2;96;168;68m▓▓▓▓▓[38;2;70;123;49m▒[38;2;68;118;47m▒[38;2;84;144;58m▒▒▒▒▒[0m
[38;2;16;112;187m▒[38;2;17;119;198m▒▒▒▒[38;2;13;88;148m░[38;2;0;0;0m   [38;2;5;9;4m [38;2;60;108;43m▒[38;2;90;164;66m▓▓▓▓▓[38;2;88;159;65m▓[38;2;81;144;59m▒[38;2;78;139;56m▒▒▒▒[0m
[38;2;15;106;184m▒[38;2;16;112;194m▒▒▒▒[38;2;12;83;145m░[38;2;0;0;0m     [38;2;33;63;25m░[38;2;82;154;63m▓[38;2;85;160;65m▓▓▓[38;2;84;157;65m▓[38;2;83;155;64m▓[38;2;78;145;60m▒[38;2;73;135;55m▒[38;2;73;134;55m▒▒[0m
[38;2;6;42;75m [38;2;14;92;166m░[38;2;16;105;190m▒▒▒[38;2;11;78;141m░[38;2;0;0;0m      [38;2;14;27;11m [38;2;66;130;55m▒[38;2;80;156;66m▓▓[38;2;78;153;64m▓[38;2;78;152;64m▓▓[38;2;75;146;61m▒[38;2;62;119;49m▒[38;2;30;58;24m░[0m
[38;2;0;0;0m [38;2;0;2;4m [38;2;5;38;70m [38;2;13;84;157m░[38;2;15;98;185m▒[38;2;11;73;138m░[38;2;0;0;0m       [38;2;3;6;2m [38;2;45;92;39m░[38;2;74;152;64m▒[38;2;73;149;63m▒[38;2;73;147;63m▒[38;2;64;131;56m▒[38;2;31;64;27m░[38;2;3;6;2m [38;2;0;0;0m [0m
[38;2;0;0;0m   [38;2;0;1;2m [38;2;5;32;62m [38;2;8;53;103m░[38;2;0;0;0m         [38;2;24;51;22m [38;2;56;118;51m▒[38;2;27;57;25m░[38;2;2;4;1m [38;2;0;0;0m   [0m"
